3001090349589621
1425802335779552
2330271874343983
1941757676312814
2976631123368895
9407767363531476
5158565970361847
0544421932171768
7921351971350699
5771453635883510
8665196567907711
0561314604886112
5834166067967513
3598433632742814
5834667857797915
4487198418503916
5975863347360117
0270639071110018
9458254664229319
0032715682771420
9340194993135621
3567838813126922
0174526814494223
9738280939945024
1590371425024725
3018836475701726
5192595483696427
0447449736508428
0540146844124029
7506258607994530
6771186316544131
4749605341158632
2510882214455233
7085860776670134
0033025961647435
6467312230356236
7316572961314637
7934304917459338
9813298193767439
2035679360216340
9309955665979341
4958729433064342
1794178171934443
5936957420639944
0392187495758045
6522720202165146
3111130351187647
5444158121306148
7444799804948049
4535796752774550

https://www.gigacalculator.com/randomizers/random-alphanumeric-generator.php
